1.000000000000000000e+00 5.387572986018356325e-01
0.000000000000000000e+00 1.000000000000000000e+00
1.393326504194493387e-01 0.000000000000000000e+00
2.708883721127963162e-01 1.393326504194493387e-01
5.918691694742903575e-01 2.708883721127963717e-01
7.896086519107314849e-01 5.918691694742904685e-01
6.141655330393960277e-01 7.896086519107318180e-01
9.286663005020525663e-01 6.141655330393960277e-01
2.611630807661582954e-01 9.286663005020526773e-01
8.122959572027634856e-01 2.611630807661582954e-01
4.657739759088293519e-01 8.122959572027634856e-01
9.783174817168087678e-01 4.657739759088294629e-01
5.448701641528416739e-02 9.783174817168088788e-01
3.182328146973326111e-01 5.448701641528413270e-02
6.363971090121550711e-01 3.182328146973326666e-01
7.671796522695374376e-01 6.363971090121552932e-01
6.725009838659852246e-01 7.671796522695375486e-01
8.616821270841733549e-01 6.725009838659852246e-01
4.693065581222429228e-01 8.616821270841735769e-01
9.939555053737073598e-01 4.693065581222430338e-01
7.982706513426141882e-04 9.939555053737075818e-01
1.403898886208496954e-01 7.982706513426142967e-04
2.738681342601524960e-01 1.403898886208496954e-01
5.970667264025851795e-01 2.738681342601524960e-01
7.869625304269611821e-01 5.970667264025851795e-01
6.212195347198791184e-01 7.869625304269611821e-01
9.218884947546251984e-01 6.212195347198792295e-01
2.840384880657798039e-01 9.218884947546253095e-01
8.476923134882020650e-01 2.840384880657798039e-01
3.885061094061890707e-01 8.476923134882021760e-01
9.484782722118568765e-01 3.885061094061890707e-01
1.308883465908907973e-01 9.484782722118569875e-01
5.332560317028348651e-01 1.308883465908907973e-01
7.740660615838439451e-01 5.332560317028348651e-01
6.281345842932883894e-01 7.740660615838439451e-01
9.118057264324798128e-01 6.281345842932883894e-01
3.163827416372586021e-01 9.118057264324798128e-01
8.911610493444843684e-01 3.163827416372586021e-01
2.825515180351514943e-01 8.911610493444847014e-01
8.361555265113370661e-01 2.825515180351514943e-01
4.164716955006113053e-01 8.361555265113371771e-01
9.646235978315956805e-01 4.164716955006113053e-01
8.619250464638686382e-02 9.646235978315956805e-01
4.121724936613290202e-01 8.619250464638682219e-02
7.369868399893917399e-01 4.121724936613290757e-01
6.600600817439156165e-01 7.369868399893917399e-01
8.675300581607634509e-01 6.600600817439157275e-01
4.502175786680929770e-01 8.675300581607635619e-01
9.901981250515560218e-01 4.502175786680930880e-01
8.386814382124822484e-03 9.901981250515560218e-01
1.663220212454399882e-01 8.386814382124794728e-03
3.408393123289935045e-01 1.663220212454400160e-01
6.976705464746477681e-01 3.408393123289934490e-01
7.002159557553175873e-01 6.976705464746478791e-01
8.036170223132178547e-01 7.002159557553175873e-01
6.167410015033756299e-01 8.036170223132180768e-01
9.307255416485665789e-01 6.167410015033756299e-01
2.555631254789794138e-01 9.307255416485666899e-01
8.031768152932794447e-01 2.555631254789794693e-01
4.843071459182249350e-01 8.031768152932795557e-01
9.788943605903648315e-01 4.843071459182249905e-01
5.805859892793970023e-02 9.788943605903648315e-01
3.298125631997999574e-01 5.805859892793970023e-02
6.521287832545109575e-01 3.298125631998000129e-01
7.542988191916418783e-01 6.521287832545110685e-01
7.014132537404899059e-01 7.542988191916418783e-01
8.188733003401174049e-01 7.014132537404899059e-01
5.828982777419603467e-01 8.188733003401175159e-01
9.596566418496497164e-01 5.828982777419603467e-01
1.526516063546017599e-01 9.596566418496497164e-01
5.927191830524678462e-01 1.526516063546017321e-01
7.535719820038767613e-01 5.927191830524679572e-01
6.849199141096443677e-01 7.535719820038767613e-01
8.416089885953890182e-01 6.849199141096443677e-01
5.238713835604382751e-01 8.416089885953891292e-01
9.892212107418445477e-01 5.238713835604382751e-01
3.392825214658704014e-02 9.892212107418445477e-01
2.540588619229786072e-01 3.392825214658700544e-02
5.314836222193802806e-01 2.540588619229786072e-01
8.114319817077620955e-01 5.314836222193802806e-01
5.488108698447110578e-01 8.114319817077622066e-01
9.736188914714378750e-01 5.488108698447111689e-01
9.550381181131155361e-02 9.736188914714382081e-01
4.422910435169627452e-01 9.550381181131155361e-02
7.555306724764669912e-01 4.422910435169627452e-01
6.361999233398608622e-01 7.555306724764671022e-01
8.985626983029403325e-01 6.361999233398608622e-01
3.574475738179549444e-01 8.985626983029404435e-01
9.353653564133659337e-01 3.574475738179549444e-01
1.633046811994538217e-01 9.353653564133658227e-01
6.116542153101657275e-01 1.633046811994538772e-01
7.428190076012994858e-01 6.116542153101657275e-01
7.098255383248162076e-01 7.428190076012995968e-01
8.029677874720213548e-01 7.098255383248163186e-01
6.210421740617984021e-01 8.029677874720214659e-01
9.268449189439911251e-01 6.210421740617985131e-01
2.688371367312201721e-01 9.268449189439910141e-01
8.247260970419859616e-01 2.688371367312202276e-01
4.395597438359636344e-01 8.247260970419860726e-01
9.731383079723403551e-01 4.395597438359636899e-01
6.436684776114669215e-02 9.731383079723404661e-01
3.480082587843143505e-01 6.436684776114665052e-02
6.751070432107536545e-01 3.480082587843143505e-01
7.326671587053991130e-01 6.751070432107536545e-01
7.462477886525447079e-01 7.326671587053991130e-01
7.400895476287133734e-01 7.462477886525447079e-01
7.549511059494620202e-01 7.400895476287134844e-01
7.266050729196721347e-01 7.549511059494622423e-01
7.802293126900231579e-01 7.266050729196721347e-01
6.738353852955322187e-01 7.802293126900231579e-01
8.639320719827784378e-01 6.738353852955323298e-01
4.638276488415298271e-01 8.639320719827784378e-01
9.933169404667124835e-01 4.638276488415298826e-01
1.424685153337297040e-03 9.933169404667127056e-01
1.424476972244065331e-01 1.424685153337254106e-03
2.793666663041711740e-01 1.424476972244065331e-01
6.065219885721592208e-01 2.793666663041711740e-01
7.816733773614059633e-01 6.065219885721592208e-01
6.348880778537784320e-01 7.816733773614059633e-01
9.076869641415110657e-01 6.348880778537785430e-01
3.305632676809337478e-01 9.076869641415112877e-01
9.079343780983777368e-01 3.305632676809338033e-01
2.385391534334391772e-01 9.079343780983776258e-01
7.653525839396434494e-01 2.385391534334392050e-01
5.566478973859978474e-01 7.653525839396436714e-01
9.568123422058458782e-01 5.566478973859978474e-01
1.541629703211342128e-01 9.568123422058462113e-01
5.956358347298629230e-01 1.541629703211342128e-01
7.520449619627302962e-01 5.956358347298629230e-01
6.885757658410488480e-01 7.520449619627304072e-01
8.362319904214291499e-01 6.885757658410489590e-01
5.380938165040649590e-01 8.362319904214292610e-01
9.844219356460359727e-01 5.380938165040650700e-01
5.502085436530961687e-02 9.844219356460361947e-01
3.217749250665793981e-01 5.502085436530958218e-02
6.411441330649871873e-01 3.217749250665793981e-01
7.634949577586825908e-01 6.411441330649871873e-01
6.809676610134979269e-01 7.634949577586825908e-01
8.497953327968061910e-01 6.809676610134980379e-01
5.023024892310162803e-01 8.497953327968061910e-01
9.937300758406401036e-01 5.023024892310162803e-01
1.149878336912795417e-02 9.937300758406403256e-01
1.783584402088141951e-01 1.149878336912789865e-02
3.701558110936232771e-01 1.783584402088141951e-01
7.317533787390766431e-01 3.701558110936233326e-01
6.562909897263952130e-01 7.317533787390768651e-01
8.702559295982863485e-01 6.562909897263952130e-01
4.418445610144456359e-01 8.702559295982864596e-01
9.877705115022062943e-01 4.418445610144456914e-01
1.442372741226694531e-02 9.877705115022066273e-01
1.868241477640339154e-01 1.442372741226689153e-02
3.903713523933838858e-01 1.868241477640339154e-01
7.517007763834876455e-01 3.903713523933838858e-01
6.276208990572870183e-01 7.517007763834876455e-01
9.055695730655447528e-01 6.276208990572870183e-01
3.345840068406853440e-01 9.055695730655448639e-01
9.121419659857447071e-01 3.345840068406853995e-01
2.273199322535421896e-01 9.121419659857448181e-01
7.450530646154206460e-01 2.273199322535422173e-01
5.905995207958527615e-01 7.450530646154207570e-01
9.326932573640406288e-01 5.905995207958528725e-01
2.416027982732050217e-01 9.326932573640406288e-01
7.785106300770695542e-01 2.416027982732050217e-01
5.317932669173660587e-01 7.785106300770696652e-01
9.686966820048095173e-01 5.317932669173660587e-01
1.071003027755627196e-01 9.686966820048098503e-01
4.740909509099850427e-01 1.071003027755627057e-01
7.685512333219082226e-01 4.740909509099850427e-01
6.211626633924927088e-01 7.685512333219083336e-01
9.164147825575834627e-01 6.211626633924927088e-01
3.005450182545581495e-01 9.164147825575835737e-01
8.707187657825269378e-01 3.005450182545581495e-01
3.338857604990594363e-01 8.707187657825271598e-01
9.008540678273969649e-01 3.338857604990594363e-01
2.601570852310806092e-01 9.008540678273968538e-01
8.022197507733787036e-01 2.601570852310806092e-01
4.877720127266645944e-01 8.022197507733787036e-01
9.789521712407064369e-01 4.877720127266645389e-01
5.889866690107622982e-02 9.789521712407065479e-01
3.324995188037992433e-01 5.889866690107619512e-02
6.556445483649582240e-01 3.324995188037992988e-01
7.512062927886854480e-01 6.556445483649582240e-01
7.080985381884906671e-01 7.512062927886855590e-01
8.080838330803428171e-01 7.080985381884907781e-01
6.092654584671460816e-01 8.080838330803429281e-01
9.381547658156044189e-01 6.092654584671460816e-01
2.300759798033079617e-01 9.381547658156046410e-01
7.582376137695894247e-01 2.300759798033079895e-01
5.675263621703189321e-01 7.582376137695895357e-01
9.498046543701795796e-01 5.675263621703190431e-01
1.803040605404767072e-01 9.498046543701795796e-01
6.561375828622821871e-01 1.803040605404767072e-01
7.049938169991178949e-01 6.561375828622822981e-01
7.841831268553079992e-01 7.049938169991178949e-01
6.593148753516936411e-01 7.841831268553082213e-01
8.825464223918362272e-01 6.593148753516937521e-01
4.094330859093963659e-01 8.825464223918362272e-01
9.741364206095695089e-01 4.094330859093964214e-01
5.192429072227389142e-02 9.741364206095696199e-01
3.087372404811634663e-01 5.192429072227389836e-02
6.228862910175686496e-01 3.087372404811634663e-01
7.769546592643481464e-01 6.228862910175686496e-01
6.492911060756437758e-01 7.769546592643482574e-01
8.915232314391001722e-01 6.492911060756438868e-01
3.814032178042735532e-01 8.915232314391003943e-01
9.557511136777999683e-01 3.814032178042735532e-01
1.050768084039472167e-01 9.557511136778001903e-01
4.644705187995947226e-01 1.050768084039471889e-01
7.658256788072073107e-01 4.644705187995947226e-01
6.235222213123713386e-01 7.658256788072074217e-01
9.135164903211410170e-01 6.235222213123714496e-01
3.099146631647396455e-01 9.135164903211412391e-01
8.829791774267669036e-01 3.099146631647396455e-01
3.034200336226376971e-01 8.829791774267669036e-01
8.647841263173968729e-01 3.034200336226377526e-01
3.504670638857247389e-01 8.647841263173969839e-01
9.178987537076481740e-01 3.504670638857246834e-01
2.148779619405844221e-01 9.178987537076483960e-01
7.218085864801190299e-01 2.148779619405844221e-01
6.259545456932650298e-01 7.218085864801190299e-01
8.981246146507634309e-01 6.259545456932651408e-01
3.556307817032473562e-01 8.981246146507636530e-01
9.333591613359480954e-01 3.556307817032473007e-01
1.690354816813484373e-01 9.333591613359479844e-01
6.248206556902470288e-01 1.690354816813484096e-01
7.333173914912429758e-01 6.248206556902471398e-01
7.300705023521804060e-01 7.333173914912430869e-01
7.680388479271182955e-01 7.300705023521804060e-01
6.989467640008281135e-01 7.680388479271182955e-01
8.265524605101964850e-01 6.989467640008282245e-01
5.643089722107260675e-01 8.265524605101965960e-01
9.718291252254636081e-01 5.643089722107261785e-01
1.062463613515260002e-01 9.718291252254638302e-01
4.726132897652851605e-01 1.062463613515260141e-01
7.680129707390283000e-01 4.726132897652852161e-01
6.217595602949523848e-01 7.680129707390284111e-01
9.157307557516329855e-01 6.217595602949523848e-01
3.027738083758427790e-01 9.157307557516329855e-01
8.736941058310586650e-01 3.027738083758427790e-01
3.265783225653045019e-01 8.736941058310587760e-01
8.928219848967872130e-01 3.265783225653044464e-01
2.809210831577842460e-01 8.928219848967872130e-01
8.340932597110939373e-01 2.809210831577842460e-01
4.209603580986597260e-01 8.340932597110940483e-01
9.666274583346846638e-01 4.209603580986597815e-01
8.081952836163229514e-02 9.666274583346847749e-01
3.966672758619659289e-01 8.081952836163228127e-02
7.247199717657182294e-01 3.966672758619658734e-01
6.758086931736155822e-01 7.247199717657183404e-01
8.447936464356803343e-01 6.758086931736156933e-01
5.132658628014065139e-01 8.447936464356804454e-01
9.916046201564264750e-01 5.132658628014066249e-01
2.232892761673292356e-02 9.916046201564268081e-01
2.153783626954824393e-01 2.232892761673288540e-02
4.541634733726751527e-01 2.153783626954824393e-01
7.959070569578747811e-01 4.541634733726752082e-01
5.595722338628650316e-01 7.959070569578750032e-01
9.647524111715294337e-01 5.595722338628651427e-01
1.286915839502902614e-01 9.647524111715294337e-01
5.322851441865119604e-01 1.286915839502902614e-01
7.736370337113350759e-01 5.322851441865119604e-01
6.286896198947858894e-01 7.736370337113351869e-01
9.111633404340578890e-01 6.286896198947860004e-01
3.184529741043439222e-01 9.111633404340580000e-01
8.936877354635195392e-01 3.184529741043439222e-01
2.760314400258091494e-01 8.936877354635197612e-01
8.265591858368555034e-01 2.760314400258092049e-01
4.374185566640627632e-01 8.265591858368556144e-01
9.727420469663426994e-01 4.374185566640628187e-01
6.507414784983626965e-02 9.727420469663428104e-01
3.501052904263334264e-01 6.507414784983625577e-02
6.775961548158969672e-01 3.501052904263334820e-01
7.301335159313091516e-01 6.775961548158969672e-01
7.512180243084198850e-01 7.301335159313091516e-01
7.304239990172953778e-01 7.512180243084198850e-01
7.728227047173737985e-01 7.304239990172954888e-01
6.897339796736069450e-01 7.728227047173737985e-01
8.408868826950361974e-01 6.897339796736069450e-01
5.270904210253719580e-01 8.408868826950361974e-01
9.884109427825713556e-01 5.270904210253719580e-01
3.774633293320814320e-02 9.884109427825714667e-01
2.665714673977930826e-01 3.774633293320810851e-02
5.542094664465465614e-01 2.665714673977931382e-01
8.081534494322175632e-01 5.542094664465466725e-01
5.629442362917785880e-01 8.081534494322175632e-01
9.669359053592581077e-01 5.629442362917786991e-01
1.223778043560620615e-01 9.669359053592583297e-01
5.159241103487380853e-01 1.223778043560620477e-01
7.745979894145491595e-01 5.159241103487380853e-01
6.218838851283421398e-01 7.745979894145492706e-01
9.175970995133119201e-01 6.218838851283422509e-01
2.972105685510333384e-01 9.175970995133120311e-01
8.662483262434947928e-01 2.972105685510333384e-01
3.447496304688987823e-01 8.662483262434949038e-01
9.120704983167619018e-01 3.447496304688987268e-01
2.305817348810843548e-01 9.120704983167620128e-01
7.513937948336593120e-01 2.305817348810843270e-01
5.802402704752150919e-01 7.513937948336594230e-01
9.409763165569664523e-01 5.802402704752150919e-01
2.124362650076543901e-01 9.409763165569665633e-01
7.237004521374464927e-01 2.124362650076543624e-01
6.221861197444362723e-01 7.237004521374466037e-01
9.020620009689270802e-01 6.221861197444362723e-01
3.431546604602779826e-01 9.020620009689271912e-01
9.210241913512527967e-01 3.431546604602780381e-01
2.032424552243248250e-01 9.210241913512527967e-01
6.983847985300244421e-01 2.032424552243248250e-01
6.579178782331328579e-01 6.983847985300245531e-01
8.584036176247702432e-01 6.579178782331328579e-01
4.734333044575625427e-01 8.584036176247703542e-01
9.938186267739329560e-01 4.734333044575625982e-01
2.523142826670779059e-03 9.938186267739330670e-01
1.465358100336593972e-01 2.523142826670765181e-03
2.901559913361919096e-01 1.465358100336594249e-01
6.244577398790301936e-01 2.901559913361919096e-01
7.699795597246802403e-01 6.244577398790303047e-01
6.635023401654691622e-01 7.699795597246803514e-01
8.734151203933194774e-01 6.635023401654693842e-01
4.355474739079713831e-01 8.734151203933193663e-01
9.859449734152108125e-01 4.355474739079713831e-01
1.893526631346938507e-02 9.859449734152108125e-01
2.019711975259356751e-01 1.893526631346936079e-02
4.250374058797573018e-01 2.019711975259357029e-01
7.792471741149000763e-01 4.250374058797573018e-01
5.853440804324501201e-01 7.792471741149000763e-01
9.462851667708114256e-01 5.853440804324501201e-01
1.970058473127078158e-01 9.462851667708116477e-01
6.925041769167006311e-01 1.970058473127078158e-01
6.643273854627783637e-01 6.925041769167007422e-01
8.491980491276593934e-01 6.643273854627784747e-01
4.988139035244983921e-01 8.491980491276595044e-01
9.935682592759979004e-01 4.988139035244984476e-01
1.102747784846620088e-02 9.935682592759980114e-01
1.766519416840012791e-01 1.102747784846616098e-02
3.660538075401236768e-01 1.766519416840012791e-01
7.273500907123693349e-01 3.660538075401237323e-01
6.623419253016048502e-01 7.273500907123694459e-01
8.619885453686335630e-01 6.623419253016049613e-01
4.654602965507901313e-01 8.619885453686335630e-01
9.931479092950039611e-01 4.654602965507901313e-01
2.514890970600879277e-03 9.931479092950040721e-01
1.463050470041894480e-01 2.514890970600850654e-03
2.895662930885066766e-01 1.463050470041894480e-01
6.234969032837293090e-01 2.895662930885067321e-01
7.706612124413201315e-01 6.234969032837294201e-01
6.618867885111872074e-01 7.706612124413202425e-01
8.755135414566775909e-01 6.618867885111872074e-01
4.294034018182679713e-01 8.755135414566775909e-01
9.835934240891800462e-01 4.294034018182680268e-01
2.530163989043646838e-02 9.835934240891801572e-01
2.231637311047481309e-01 2.530163989043641634e-02
4.707832795869104636e-01 2.231637311047481309e-01
8.027170492637887289e-01 4.707832795869105191e-01
5.498764388249353097e-01 8.027170492637886179e-01
9.706248364854954680e-01 5.498764388249353097e-01
1.060035279425163429e-01 9.706248364854955790e-01
4.715636154392447987e-01 1.060035279425163290e-01
7.677301917518614127e-01 4.715636154392447432e-01
6.219902940763920585e-01 7.677301917518615237e-01
9.154432408053354564e-01 6.219902940763921695e-01
3.037035760900076431e-01 9.154432408053355674e-01
8.749240850777112444e-01 3.037035760900076986e-01
3.235413940559789814e-01 8.749240850777113554e-01
8.893688424092611733e-01 3.235413940559790369e-01
2.897365463036585820e-01 8.893688424092613953e-01
8.466737171999731970e-01 2.897365463036585820e-01
3.927625946971049498e-01 8.466737171999733080e-01
9.515201545223942459e-01 3.927625946971050053e-01
1.223071285924459545e-01 9.515201545223943569e-01
5.111072845788731112e-01 1.223071285924459128e-01
7.750501291263187653e-01 5.111072845788732222e-01
6.195437792678673006e-01 7.750501291263188763e-01
9.197687759022432630e-01 6.195437792678673006e-01
2.899601872761668475e-01 9.197687759022434850e-01
8.561318568763335302e-01 2.899601872761668475e-01
3.688916313560609006e-01 8.561318568763336412e-01
9.338990625107863597e-01 3.688916313560609006e-01
1.713276517587340453e-01 9.338990625107863597e-01
6.304233838429980086e-01 1.713276517587340453e-01
7.288516666951198042e-01 6.304233838429980086e-01
7.391853886456668521e-01 7.288516666951199152e-01
7.512930946053427705e-01 7.391853886456669631e-01
7.330036896338243402e-01 7.512930946053428816e-01
7.685391405894680394e-01 7.330036896338244512e-01
6.988598771832660317e-01 7.685391405894680394e-01
8.268270571326171714e-01 6.988598771832661427e-01
5.636367743631254257e-01 8.268270571326171714e-01
9.722217531471996077e-01 5.636367743631253147e-01
1.047100057398744899e-01 9.722217531471998297e-01
4.683686407559487508e-01 1.047100057398744899e-01
7.666543387165891676e-01 4.683686407559488063e-01
6.231024516118780499e-01 7.666543387165892787e-01
9.141381666924941474e-01 6.231024516118780499e-01
3.079358977496921002e-01 9.141381666924944804e-01
8.804454377684419741e-01 3.079358977496921557e-01
3.097920760063939682e-01 8.804454377684419741e-01
8.728901581239485452e-01 3.097920760063939682e-01
3.308452515231346536e-01 8.728901581239485452e-01
8.978387687487306978e-01 3.308452515231347091e-01
2.679173137880093702e-01 8.978387687487309199e-01
8.144912289895966939e-01 2.679173137880093702e-01
4.628448730261657262e-01 8.144912289895969160e-01
9.782262102954856209e-01 4.628448730261657817e-01
5.392265756997795256e-02 9.782262102954858429e-01
3.163946186001703187e-01 5.392265756997795950e-02
6.338118179514313777e-01 3.163946186001703187e-01
7.691454106511997901e-01 6.338118179514314887e-01
6.679282504954000554e-01 7.691454106511999012e-01
8.678800865024354216e-01 6.679282504954000554e-01
4.516510426512647669e-01 8.678800865024355327e-01
9.908081392426949519e-01 4.516510426512648224e-01
6.662023839608711105e-03 9.908081392426950629e-01
1.603911485522027947e-01 6.662023839608654727e-03
3.259527636112639626e-01 1.603911485522027669e-01
6.780492286477705077e-01 3.259527636112639626e-01
7.223072677439723588e-01 6.780492286477706187e-01
7.641081823315875043e-01 7.223072677439724698e-01
7.041513233773443181e-01 7.641081823315876154e-01
8.178159880741109333e-01 7.041513233773444291e-01
5.861440517020186647e-01 8.178159880741110443e-01
9.573611969582879189e-01 5.861440517020187757e-01
1.612050754331767199e-01 9.573611969582881409e-01
6.131494618982955558e-01 1.612050754331767199e-01
7.409776514492162347e-01 6.131494618982956668e-01
7.134827683525659658e-01 7.409776514492163457e-01
7.968388286641256979e-01 7.134827683525660769e-01
6.353789224425353543e-01 7.968388286641258089e-01
9.117585768636727872e-01 6.353789224425353543e-01
3.186958726578025813e-01 9.117585768636727872e-01
8.941833488338674085e-01 3.186958726578026369e-01
2.746981702999863884e-01 8.941833488338675195e-01
8.245528503241708052e-01 2.746981702999864439e-01
4.417231498237289000e-01 8.245528503241709162e-01
9.740088162565027075e-01 4.417231498237289555e-01
6.204696789213012820e-02 9.740088162565027075e-01
3.409761479066975021e-01 6.204696789213011432e-02
6.665446324442602100e-01 3.409761479066975576e-01
7.410965795462727268e-01 6.665446324442603210e-01
7.292948187130290361e-01 7.410965795462728378e-01
7.716560517114745554e-01 7.292948187130290361e-01
6.916830278495481599e-01 7.716560517114744444e-01
8.378588944019113027e-01 6.916830278495481599e-01
5.350765567151993807e-01 8.378588944019113027e-01
9.857076541277590698e-01 5.350765567151993807e-01
4.962431295956019894e-02 9.857076541277591808e-01
3.047720428068872445e-01 4.962431295956019200e-02
6.166833050730947674e-01 3.047720428068873000e-01
7.811205849205529184e-01 6.166833050730948784e-01
6.390569433619988082e-01 7.811205849205531404e-01
9.034059636887088462e-01 6.390569433619988082e-01
3.443177224868711472e-01 9.034059636887089573e-01
9.227347661268102685e-01 3.443177224868712027e-01
1.983940366118006893e-01 9.227347661268102685e-01
6.884590680111841721e-01 1.983940366118006893e-01
6.702952147233899316e-01 6.884590680111841721e-01
8.407900135297881050e-01 6.702952147233900426e-01
5.214965944632782291e-01 8.407900135297882160e-01
9.893656421851240168e-01 5.214965944632782291e-01
3.270688001638868275e-02 9.893656421851242388e-01
2.499995968803474522e-01 3.270688001638866194e-02
5.238740592275540342e-01 2.499995968803474800e-01
8.117379307762591090e-01 5.238740592275540342e-01
5.458413680445612925e-01 8.117379307762592200e-01
9.747253334792490564e-01 5.458413680445614036e-01
9.083463058408439150e-02 9.747253334792491675e-01
4.289511852673751346e-01 9.083463058408436375e-02
7.479595992811108873e-01 4.289511852673751902e-01
6.459276857021769569e-01 7.479595992811109983e-01
8.864023847132525002e-01 6.459276857021769569e-01
3.947395663810182587e-01 8.864023847132527223e-01
9.649491580083281450e-01 3.947395663810182587e-01
7.858312706306987139e-02 9.649491580083284781e-01
3.893985460620593142e-01 7.858312706306985751e-02
7.184581697022759394e-01 3.893985460620593697e-01
6.836239786733236956e-01 7.184581697022760505e-01
8.327954051803301283e-01 6.836239786733238066e-01
5.448882222514618290e-01 8.327954051803302393e-01
9.813547995434815929e-01 5.448882222514618290e-01
6.772545386582652649e-02 9.813547995434818150e-01
3.609633729425472115e-01 6.772545386582652649e-02
6.896746882030612147e-01 3.609633729425472670e-01
7.174101209894832021e-01 6.896746882030613257e-01
7.753522745816224804e-01 7.174101209894832021e-01
6.808356810558747751e-01 7.753522745816225914e-01
8.535245497339596366e-01 6.808356810558747751e-01
4.928175383202637594e-01 8.535245497339598586e-01
9.946913216786315015e-01 4.928175383202637594e-01
5.232109883861926769e-03 9.946913216786316125e-01
1.564712386859502813e-01 5.232109883861884268e-03
3.158877636106466880e-01 1.564712386859503090e-01
6.639059423432931428e-01 3.158877636106466880e-01
7.367115015821942281e-01 6.639059423432931428e-01
7.360498982305121451e-01 7.367115015821943391e-01
7.590181609366873916e-01 7.360498982305121451e-01
7.178643799256899660e-01 7.590181609366875026e-01
7.954430935962726323e-01 7.178643799256900770e-01
6.396706205983385685e-01 7.954430935962726323e-01
9.070863790597859522e-01 6.396706205983385685e-01
3.337601553273576993e-01 9.070863790597858412e-01
9.116141956335155339e-01 3.337601553273576993e-01
